%
% x2d2k.txt from strehl.com: this is a 1000x2 data matrix containing 2 Gaussians (500 points each) for easy use with Matlab
% (the clusters are not linearly separable in 2 dimensions)
% (the diverse labels in lf2d2k.txt are from clustering this data in the 3 1D subspaces [1; 2; 1])
%  
   1.5432434e-01   4.0674083e-01
   2.6335386e-01   3.3385553e-01
   1.1657898e-01   3.5344789e-01
  -1.5209647e-01   1.0198934e-01
  -4.2885969e-01   1.0642278e-01
  -3.0259642e-01   5.0171504e-02
   1.2361124e-01   1.2110958e-01
   7.1454406e-02   2.9664571e-01
  -3.3987391e-01   1.9349586e-01
  -2.2241387e-01  -3.3715502e-02
   6.2108624e-02   2.3667241e-01
   2.5980286e-01   1.5371233e-01
   1.7671854e-02   2.8389157e-01
  -1.6755641e-01  -2.4055558e-02
  -2.7521714e-01   2.8240014e-02
  -1.5877282e-01   7.6725468e-02
   2.5658306e-01   2.5551072e-01
  -3.4643305e-02   4.0935171e-03
   1.6616859e-01   2.8708136e-01
  -1.9730800e-01   2.3397624e-02
  -1.6240235e-01  -2.9038909e-02
   9.6532432e-02   3.8880218e-01
   3.1583890e-01   4.3819467e-01
  -1.4585913e-01   3.1051562e-01
  -1.8944263e-01   1.2726962e-01
   6.2452542e-02   1.3308668e-01
   3.7180158e-02   3.5498214e-01
   1.0303517e-01   3.3355046e-01
  -2.1997172e-01   6.3460717e-02
  -2.1229750e-01   1.1058056e-01
  -4.3247127e-02   2.2945091e-01
   1.5856695e-01   3.8526427e-01
  -1.9678674e-01   1.6516239e-01
  -2.2864212e-01  -3.9535633e-02
  -2.2304727e-01  -9.5249452e-03
   1.3472270e-01   3.2216800e-01
  -6.9007559e-02   2.6633287e-01
  -9.8351408e-02   7.5639911e-02
   1.2373717e-03   4.6857896e-01
  -2.7912261e-01   5.0064768e-02
   1.3115250e-01   3.0353219e-01
  -1.9916414e-01   4.6241153e-02
  -8.5906928e-02   4.9473057e-01
  -2.7335214e-01   1.3012203e-01
  -2.6457140e-01  -1.6018520e-02
  -4.8447228e-02   3.0456132e-01
  -2.8020659e-01   1.4934274e-01
   3.8698955e-01   3.0647587e-01
   1.8675925e-01   2.0251509e-01
  -2.8174449e-01   2.1465413e-02
  -2.8477522e-01   1.9274626e-01
   6.6868839e-02   2.7666088e-01
  -1.6580785e-01   2.9478093e-03
  -3.8915048e-01   1.1917778e-01
  -1.4800047e-01   9.4036113e-02
   1.4309986e-02   3.5823685e-01
   1.6781119e-01   3.4049341e-01
   4.8500109e-02   3.0825088e-01
  -3.1749502e-01   1.1006219e-02
  -1.5393281e-01  -4.3554107e-02
  -2.5853913e-01  -4.9500147e-02
  -2.7171253e-01   1.0830796e-01
   1.0570030e-02   4.1159992e-01
  -2.3947961e-01   1.9564670e-02
   2.1579240e-01   4.1177600e-01
  -3.1880187e-01  -3.3985322e-02
  -2.8545573e-01   1.3517287e-01
  -3.6204906e-01   1.0417868e-01
  -2.5068492e-01  -3.6506176e-02
   1.5015642e-01   2.2520488e-01
  -1.7415789e-01   1.5160492e-01
  -7.6745382e-02   2.3714846e-01
  -2.5413231e-01   1.9027117e-01
  -1.3994762e-01   2.2416101e-01
  -1.1731279e-01   1.8586229e-01
  -2.6318836e-01   8.6280427e-02
   1.8283974e-01   2.9064108e-01
  -3.1070046e-01   1.5513783e-01
  -2.7574380e-01   7.5590232e-02
   6.4523563e-02   2.5786695e-01
  -1.1553137e-01   2.2251477e-01
  -3.2053842e-02   2.7208858e-01
   8.4128972e-02   4.6968858e-01
  -2.4860677e-01   6.8594937e-02
  -2.6238198e-01   1.1322082e-01
   6.6269735e-02   4.5379330e-01
   9.8325419e-03   1.9275236e-02
  -3.3507415e-01   1.9439401e-01
   1.8049909e-01   2.5847256e-01
  -2.5288215e-01  -1.6214052e-01
   1.7323298e-01   4.3230519e-01
  -3.2290993e-01   1.3261802e-01
  -1.1286671e-01   5.4466541e-02
  -3.1145290e-01   8.3268421e-02
  -1.8179031e-01   9.1407863e-02
   4.7082995e-02   4.1658915e-01
  -7.2247160e-02   9.7238235e-02
   1.8591601e-01   1.8351076e-01
  -3.4756145e-02   1.5484812e-01
  -3.2920186e-01   1.6809376e-01
   1.1990667e-01   3.4736240e-01
   1.3491340e-01   2.1452666e-01
  -3.8765464e-01   1.4055260e-01
  -8.9533834e-02   3.2309007e-01
   5.0900931e-02   1.4634938e-01
  -2.9782606e-01   1.1388125e-01
  -3.5563750e-01   2.5226662e-01
  -2.3308315e-01   7.0715484e-02
   9.4039196e-02   3.9574547e-01
  -2.2825016e-01   1.2340214e-01
  -6.3796040e-02   2.6846365e-01
   1.5473565e-02   2.4447630e-01
  -1.5892888e-01   9.5816151e-02
   9.8601400e-02   2.5243727e-01
   1.9438763e-01   4.8188435e-01
  -8.7003261e-02   1.5989151e-01
   1.0694940e-01   4.0911607e-01
  -2.2034376e-01   5.1808686e-02
  -4.1299471e-02   4.5782630e-01
  -3.2674350e-01   7.4284009e-02
  -2.4146525e-01   2.9696117e-01
  -1.2330675e-02   4.1759799e-01
  -1.9300816e-01   1.2926894e-01
   1.0490202e-01   2.6147920e-01
   8.1239769e-02   5.8102756e-01
   1.0018096e-01   3.7244684e-01
   1.3896580e-01   3.0033096e-01
   3.5159197e-01   2.5557339e-01
   1.3960032e-01   2.7148173e-01
  -9.4118022e-02   1.1366566e-01
  -5.8331535e-02   2.7613525e-01
  -3.1202052e-01  -1.4840508e-01
  -1.3740122e-01  -5.7858760e-02
  -1.8201643e-01   1.2534537e-01
  -1.1584548e-01   3.9727695e-01
  -3.5854407e-01   1.2350980e-01
  -2.3241861e-01  -7.6931717e-03
   3.3342301e-02   3.9948754e-01
  -4.1560407e-01   8.6213387e-02
   2.8768683e-01   3.0883504e-01
   1.9538116e-01   1.8332500e-01
  -3.3787814e-01  -1.4410934e-02
  -3.7240390e-01   4.0889255e-02
  -3.3855223e-01   1.7517494e-01
   1.6759468e-01   4.0537327e-01
  -2.5343844e-02   3.1998929e-01
  -1.0217979e-01   7.1655317e-02
   1.9353974e-02   4.4321906e-01
   8.7005378e-02   3.8123009e-01
   2.7629795e-01   4.9514559e-01
  -3.8745685e-01  -5.1367624e-02
  -1.8228788e-01  -5.6245773e-02
  -9.3287792e-02  -6.4947929e-02
  -2.3270806e-01  -1.8168428e-02
   6.3696371e-02   3.8238435e-01
   9.1275159e-02   5.3087646e-01
   1.4416343e-01   1.9902124e-01
  -1.6261059e-01  -7.6319811e-02
  -6.7529169e-02   3.3122175e-02
   4.7757474e-02   2.5636603e-01
   1.7327498e-01   1.9997134e-01
  -4.6599798e-01   1.6491334e-01
  -1.8948800e-02   5.1892005e-01
   1.1379272e-01   2.5470825e-01
   2.1988893e-01   2.6775291e-01
   3.2518034e-02   3.0229804e-01
  -2.2896240e-01   8.1148060e-02
   3.7433158e-02   2.3076899e-01
  -1.0272425e-01   1.6929578e-01
  -3.2335722e-01  -3.7631513e-02
  -1.2380373e-02   3.6751776e-01
   9.0352335e-02   3.4636791e-01
  -1.9165513e-01   8.7600858e-02
   5.9464060e-02   2.6388208e-01
   1.2186300e-01   3.7159439e-01
  -9.1984693e-02   3.4941558e-01
  -3.5471439e-01   1.5593772e-01
  -1.6331047e-01   6.9174674e-02
  -2.5415609e-01   2.8240925e-02
  -3.6860966e-01   1.3732389e-01
  -3.2916239e-01  -9.1972347e-02
  -1.9320721e-01   1.9002641e-01
  -2.2222476e-01   1.2126285e-01
  -2.3473579e-01   4.1865610e-02
  -2.4220856e-01   1.8516072e-02
   1.4209025e-01   4.4751907e-01
  -3.4425986e-01   2.7148082e-02
  -9.1841417e-02   8.3023451e-02
  -3.4814623e-01   1.2042649e-01
  -1.9895890e-01   4.4594295e-02
   9.3691805e-02   4.1010795e-01
  -2.3930439e-01   1.8260341e-01
  -2.2109189e-01   7.2156808e-02
   1.1404884e-01   2.6080224e-01
   1.2297743e-01   3.2793173e-01
   1.8773061e-01   4.4039815e-01
  -2.2469407e-01   1.1786551e-01
  -3.0545897e-01   1.0424284e-01
  -1.2667623e-01   2.8255108e-02
  -2.8123742e-01  -3.8844705e-03
  -2.4095690e-02   5.5991367e-01
  -3.4199526e-01   5.6968911e-02
  -4.3816366e-01   8.3855788e-04
  -4.5165671e-01   1.3581119e-01
  -2.8926189e-01   1.6111486e-01
  -1.8317384e-01   1.6007275e-01
  -1.9424586e-01  -2.1288733e-02
   1.4481890e-01   1.5337823e-01
  -1.1288702e-01   3.7571351e-02
   1.4513294e-01   4.0356051e-01
  -1.6135082e-01   4.3965491e-01
   2.2083306e-01   4.1390450e-01
  -1.8306248e-01   5.1583144e-02
   1.7493466e-01   3.0006033e-01
  -1.4550491e-01  -2.8441492e-02
   7.6077005e-02   3.1081972e-01
  -1.0464673e-01   3.5548531e-01
   2.2132566e-01   2.5093555e-01
   2.5140479e-01   1.2129221e-01
   8.1399501e-02   2.6037377e-01
  -1.9501537e-01   6.5282165e-02
   2.5551482e-01   2.1779805e-01
  -2.1906384e-01   1.4225694e-01
  -3.1921526e-01   9.9219964e-02
   3.9485402e-02   3.3222064e-01
   7.6063085e-03   3.0133618e-01
  -2.1087680e-01   2.9192348e-01
  -2.5944782e-01   2.0522461e-01
   5.0493930e-02   2.5549216e-01
   1.7769576e-01   3.5447271e-01
   1.2938659e-01   3.4721423e-01
  -3.3271708e-01   1.0103186e-01
  -3.2135676e-01   6.1382932e-02
   8.5505716e-02   3.8119774e-01
  -9.1333687e-02   3.7869989e-01
  -3.1203913e-01   5.5954894e-03
  -2.6577715e-01  -9.3595575e-02
   8.4758012e-02   4.1919460e-01
   1.2868434e-01   3.3484418e-01
   1.4946198e-01   1.8491411e-01
   1.3661675e-01   3.3451711e-01
   7.1241322e-03   3.9891372e-01
  -6.3823696e-02   3.1613848e-01
  -3.4848234e-02   6.4764438e-02
  -2.3039668e-03   3.1561009e-01
   3.5955561e-02   3.6876088e-01
  -2.4244996e-01   2.1102388e-01
  -9.5696065e-02   1.3479434e-01
  -2.0925172e-01   4.4230081e-02
   2.5189981e-01   2.5040368e-01
  -1.7673086e-01  -6.2961728e-02
  -1.8854161e-01   1.1066944e-01
   9.3820978e-02   3.1293110e-01
   1.6463838e-01   3.2548962e-01
   2.0087238e-01   2.1625273e-01
  -2.0311210e-01   1.6270550e-01
   1.5577558e-01   2.4370940e-01
   9.7993004e-02   2.2421515e-01
  -2.0363229e-01   1.4196216e-01
  -1.4851715e-01  -1.4421317e-03
  -2.1706480e-01  -1.8417951e-01
  -7.5450038e-02   2.4813724e-01
  -3.2030538e-01   1.2933528e-01
  -9.3661093e-02   9.3107745e-02
  -2.8464273e-01   3.4834627e-01
   1.5318010e-02   3.1848549e-01
   2.2331572e-01   4.8775957e-01
  -2.8994507e-01   1.0507436e-01
   2.9933635e-01   3.7082997e-01
  -2.9446241e-01   2.4799338e-01
   4.1016400e-02   3.4131943e-01
  -1.1382758e-01   1.9536061e-02
  -2.5319668e-01   5.4986878e-02
  -2.3066105e-01   8.5817507e-02
  -3.7913646e-01   1.7710314e-01
   2.5674981e-02   3.4904628e-01
  -2.7121684e-01   2.2205874e-01
   1.1499818e-01   4.2710696e-01
  -1.0729341e-01   1.0417647e-01
  -1.4138970e-01   4.4872747e-01
  -4.7309657e-01   1.3467425e-01
  -1.9802009e-01  -8.2138757e-02
  -1.2574966e-01  -2.3042381e-03
   2.3896779e-01   3.2943822e-01
   1.1906667e-02   3.2519798e-01
  -2.1555737e-01  -1.3121061e-01
  -1.9620041e-01   1.9097598e-02
   1.9435746e-02   3.3262411e-01
   3.1866767e-01   3.9180221e-01
  -8.7137637e-02   1.0770135e-02
  -6.7355304e-02   1.8874724e-01
   2.4488039e-02   4.1284495e-01
   1.9291184e-01   2.5937082e-01
  -4.4086117e-02  -6.9647766e-02
  -3.2190265e-01   5.8652001e-02
   6.5408695e-02   4.0785010e-01
   1.2410048e-01   2.6595298e-01
  -2.3965827e-01  -6.7388097e-02
  -2.1750824e-01   2.3344645e-01
  -4.3313888e-01   1.5366999e-01
  -3.2335187e-02   2.6861427e-01
  -2.9332327e-01   1.0731730e-02
  -2.4749754e-01   1.0786156e-01
  -6.4634527e-02   2.4995628e-01
  -3.1886104e-01   2.8821817e-02
   1.3498387e-01   1.0824510e-01
   1.8397038e-01   3.0017363e-01
   1.2021869e-02   2.5129476e-01
  -3.6519265e-01   2.0525509e-01
  -1.8210816e-01  -4.6522965e-02
   3.5010848e-01   3.3194744e-01
   3.6190358e-02   2.5916383e-01
  -3.5583247e-01   2.9164836e-02
  -3.6274585e-02   1.7639464e-01
   1.0510836e-01   3.3414348e-01
   1.7984125e-01   2.4145800e-01
  -9.3002112e-02   6.8126706e-02
  -1.9232856e-01   1.3160905e-02
  -3.4282795e-01   2.1574575e-01
   7.2659923e-02   3.0523706e-01
  -2.9145163e-01   1.1769922e-01
  -9.8988846e-02   3.1997176e-01
  -1.7064197e-01  -6.6348197e-03
  -2.1075376e-01   9.2506587e-02
   4.1228747e-01   3.8766318e-01
  -2.4685792e-01  -1.0316255e-02
  -2.5880956e-01  -4.4403431e-04
   1.2381005e-02   3.7998887e-01
  -3.2007217e-01   2.6655088e-02
  -1.4966375e-01   3.0300356e-01
  -3.0651594e-01   1.2783755e-01
  -5.7589385e-02   2.1151037e-01
   7.5369601e-02   3.8828401e-01
  -1.3646284e-02   5.5839537e-01
  -1.5756879e-01   4.1972466e-02
  -2.0906179e-02   1.8466105e-01
   3.6921399e-01   4.3678583e-01
  -2.4121431e-01  -2.0453609e-02
  -1.2978212e-01   2.2808000e-01
  -1.1526673e-01   1.0381443e-01
  -2.9530068e-01   1.7189984e-01
  -3.2321038e-01  -8.6136196e-02
  -3.3574334e-01   6.4707122e-02
   7.0037513e-02   4.8404153e-01
   9.1202154e-02   4.6269372e-01
  -2.4315937e-01   8.5812348e-02
  -3.0326764e-01  -8.9988684e-02
  -6.9389373e-02   4.7197628e-01
  -4.9526095e-02   2.4085439e-01
   1.5744253e-01   3.2505960e-01
   2.2148463e-01   4.2420580e-01
   1.9556864e-01   4.6389052e-01
   8.4754930e-02   1.8528814e-01
  -2.6007616e-01   1.1279199e-02
  -2.6435269e-01  -6.5081834e-02
  -2.8556410e-01   1.6410840e-01
   7.9189385e-02   4.0361878e-01
   6.4215407e-02   2.7843921e-01
  -9.6804454e-02   1.9379136e-01
  -2.3785774e-01   3.1137318e-02
   2.2163014e-01   2.7641129e-01
  -1.4297804e-01  -6.4258715e-02
   9.0800849e-02   2.2631809e-01
   1.1181186e-01   4.4082128e-01
   1.0954380e-01   1.4374627e-01
  -4.2223182e-02  -5.9098095e-02
   1.0998935e-01   3.9879184e-01
  -2.4603984e-01   1.5644000e-01
   3.5772760e-02   1.9789837e-01
   1.5237067e-01   5.3024721e-01
  -2.0757866e-01   1.0124554e-02
  -2.8561079e-01   1.6640932e-01
  -2.2762561e-01   1.1184778e-01
  -2.9071669e-01  -4.3444985e-02
   2.4944319e-01   2.1894425e-01
  -1.2572178e-01   3.4856896e-01
   7.7823541e-02   2.9893973e-01
  -2.5788356e-01   5.5457377e-02
   4.7334882e-02   2.4127844e-01
   1.2110226e-01   3.9660084e-01
  -3.3300016e-01  -1.2318987e-01
  -2.2591829e-01  -1.9333435e-02
   1.6203541e-01   3.5555358e-01
  -1.2666772e-01   3.6761818e-02
  -1.8316175e-01  -8.1666108e-02
   1.5086836e-01   3.1810389e-01
  -1.1021994e-02   2.0659063e-01
   3.8540474e-02   4.5857346e-01
  -1.3953398e-01   1.7898777e-01
  -2.5507738e-01   2.0228008e-01
   7.3429751e-02   2.6745487e-01
  -2.7776249e-03  -6.1278346e-02
   3.6400725e-02   4.9265718e-01
  -6.7580980e-02   2.0284304e-01
   1.1342246e-01   3.2705988e-01
  -6.2758278e-02   3.6031909e-01
  -2.3181622e-01   9.0295021e-02
   2.2683175e-01   3.4292982e-01
   2.4706275e-01   3.7659653e-01
  -2.3545078e-01   2.3281614e-01
  -3.4122769e-01   1.3919364e-01
   5.8112532e-02   5.6006570e-01
   8.7178761e-02   2.1318707e-01
  -2.6715672e-01   1.4289245e-01
  -1.1041110e-01   7.0353983e-02
   1.6751502e-01   2.4160280e-01
   8.4074197e-02   3.5559784e-01
   2.3969937e-01   2.1448080e-01
  -2.4720637e-01   6.2629782e-02
   2.6424643e-01   4.5684039e-01
   1.0149690e-01   3.7462158e-01
  -2.5581453e-01   2.0991311e-01
  -1.9536164e-01  -4.5520832e-02
   8.6194478e-02   3.1658573e-01
  -3.0433115e-01   5.0042147e-02
  -2.0708905e-01   2.1173526e-01
  -8.8648215e-03   2.5748968e-01
   1.2833953e-01   3.1267111e-01
   1.7836775e-01   3.8866341e-01
   1.8218826e-01   2.3516407e-01
   3.0941284e-02   1.3974037e-01
  -9.7440642e-02   9.6646222e-02
   2.7798648e-03   4.3994848e-01
  -2.2701499e-01  -4.6993576e-02
  -5.1853220e-02   1.8816357e-02
  -2.4666075e-01   5.2770828e-02
   1.4884130e-02   3.0820370e-01
  -1.2700721e-01   1.5440199e-01
   1.3987199e-01   3.1531130e-01
   7.9885539e-02   3.4657124e-01
   6.0293203e-02   3.2297901e-01
   2.8566232e-01   4.3040846e-01
  -1.2208472e-01   7.8012821e-02
  -1.5030682e-01   1.4654579e-01
  -3.8589609e-02   2.8857275e-01
  -1.5724196e-01  -8.2596071e-02
   7.2952453e-02   4.4064384e-01
  -4.7528572e-02   1.6420072e-01
   1.1573497e-01   3.9721940e-01
   2.2351185e-01   3.7094595e-01
   3.0645796e-01   2.9137393e-01
   1.6174894e-01   2.1401317e-01
  -1.4664240e-01   1.0216103e-01
  -2.1516806e-01   1.5464103e-01
  -3.7967775e-04   2.9214246e-01
  -2.9671707e-01   1.3473450e-01
   1.9636999e-02   3.6465126e-01
   6.2478875e-04   3.7446478e-01
  -4.5361732e-01   6.1463273e-02
  -2.4734020e-01   2.4752137e-01
  -2.1894959e-01  -2.8089989e-02
   5.2571370e-02   3.4286478e-01
   1.4043761e-01   3.2681476e-01
  -3.4453155e-01   5.6191516e-02
   1.9268369e-03   3.9171885e-01
  -4.2155254e-01   2.8088514e-01
  -7.1092717e-02   4.0726912e-01
   5.2273405e-02   2.7037010e-01
   8.4564065e-02   3.9012805e-01
   2.4149748e-01   4.4829141e-01
  -3.2583000e-01   2.1926390e-01
   2.7697815e-02   4.1554526e-02
  -1.1443907e-01   4.6188309e-01
  -3.8046916e-01   1.7948162e-01
  -1.1441939e-01   2.5444814e-01
   1.0091125e-01   3.9952522e-01
  -1.0201240e-01   6.2104460e-02
   1.3773715e-01   3.5916491e-01
   1.1299435e-01   2.3639151e-01
  -3.5602396e-01   1.5451850e-01
  -1.5746171e-01  -2.3195175e-02
   1.8071149e-01   2.3166114e-01
  -2.7876633e-02   3.5632334e-01
  -3.4669022e-01   7.2884083e-02
  -1.8763711e-02   1.7462256e-01
  -2.0784013e-01   3.4942055e-02
  -7.4386105e-02   2.1596226e-01
  -1.9214600e-01   5.2479808e-02
  -4.1475724e-02   2.5265079e-01
   2.1481500e-01   3.2965702e-01
   1.7299187e-02   5.6913278e-02
   1.0391947e-01   2.4750946e-01
   5.4639154e-02   1.3767530e-01
   1.4136495e-01   3.1024535e-01
  -2.9324525e-01   1.1248705e-01
  -2.2494008e-01   1.1552995e-01
  -1.7032213e-01  -5.0737674e-02
  -3.4385278e-01   1.0823466e-01
  -4.9404513e-02   3.9688007e-01
   5.5547233e-02   2.3583177e-01
  -1.8831600e-02   3.0791981e-01
   3.5571002e-02   2.6297467e-01
   2.2351340e-01   2.6796105e-01
  -9.2071231e-02   2.5048331e-02
  -3.9182956e-01   5.7100782e-02
   1.5924990e-01   6.0886654e-01
   1.0332670e-01   1.4446918e-01
  -2.8808472e-01   1.9580166e-01
  -3.3393059e-01   6.1198843e-04
  -4.0737287e-01   6.6670610e-02
   1.0911368e-01   3.4207381e-01
   1.5667699e-01   2.6586858e-01
   7.7110290e-03   2.3553752e-01
  -9.3450959e-02   9.7548015e-02
   2.5026535e-01   4.4115686e-01
  -2.8656697e-01   1.5531241e-01
   2.6272324e-02   3.5227826e-01
   2.7793889e-02   3.4701074e-01
   2.5238137e-01   3.9338722e-01
   9.8989101e-02   3.1467101e-01
  -3.2668650e-01   1.5713602e-01
   1.6602010e-01   2.3690479e-01
  -2.3676794e-01   1.7252969e-01
  -7.4653644e-03   2.1064986e-02
  -1.0200466e-01   1.0412707e-01
   8.2457395e-02   3.1430003e-01
   6.6198729e-02   2.9860933e-01
  -2.4471064e-01   1.3513623e-01
  -1.8836697e-01   2.4151576e-01
  -1.4033124e-01  -1.0821487e-02
   1.6168588e-02   1.7821721e-02
  -1.9769051e-01   1.7042836e-01
  -1.8838646e-01   1.3820679e-01
   1.9087048e-01   3.7716622e-01
  -3.5028981e-01   7.5217885e-02
  -1.8443478e-01   4.9196172e-02
   1.7454347e-02   4.2464923e-01
  -2.1550214e-01   8.4618787e-02
  -4.0849523e-01  -5.9820328e-02
   1.0654905e-02   3.1008914e-01
   7.5235389e-02   1.6664301e-01
  -1.7308262e-01  -1.1630153e-02
   5.1702487e-02   1.3583553e-01
  -1.5092899e-01   1.6760308e-01
  -2.9273907e-01   5.9862799e-03
   1.1536873e-01   3.7072857e-01
  -2.4347935e-01  -7.7721882e-03
  -3.9579375e-02   2.2643176e-01
   1.2743956e-01   3.5470674e-01
  -1.9492996e-01  -1.0152310e-02
  -1.3217894e-01   2.0562630e-01
  -1.5136145e-01   2.0091669e-01
  -2.2586929e-01   2.3302070e-01
   2.1536052e-01   3.0327620e-01
  -3.3354799e-01   9.6505677e-02
   1.2074215e-01   3.9218378e-01
  -4.5149501e-02   3.5855985e-01
  -1.4990537e-01   2.0090974e-01
   1.5094391e-01   3.6413539e-01
   3.0548479e-01   5.6002905e-01
   2.2661536e-01   2.5844936e-01
   1.5335069e-01   2.8590675e-01
   1.4315919e-01   3.4452494e-01
   2.2154379e-01   4.8703107e-01
  -2.8951007e-01   8.9563735e-02
  -4.2198124e-01   8.5498059e-02
  -2.2263917e-01  -1.3299067e-01
   1.5510781e-01   3.6124955e-01
   9.1369352e-02   3.8870303e-01
  -2.3606298e-01   4.1081160e-02
  -2.1697625e-01   1.3815354e-01
   1.2349292e-01   3.1390705e-01
   2.7916730e-01   5.3050908e-01
   1.0996544e-01   1.6759100e-01
   1.7799232e-01   2.7866115e-01
   1.9704181e-01   2.7818985e-01
   1.6108272e-02   2.9224631e-01
   9.0686184e-02   3.1634615e-01
  -2.7838878e-03   2.4229088e-01
  -2.4856291e-01   9.0272308e-02
  -2.2012279e-01   1.8569863e-01
  -2.2227494e-01   9.0409667e-02
  -1.5305235e-01  -1.8966183e-02
  -2.5884310e-01   4.6560782e-02
   1.5710176e-01   3.5647782e-01
   2.0951943e-01   3.2452554e-01
   1.1390553e-01   4.7160402e-01
  -1.8965993e-01   9.4502745e-02
   1.5791412e-01   3.2448827e-01
   8.4963416e-04   4.3095832e-01
  -2.6355761e-01   2.7156659e-02
   1.8952726e-01   2.1892351e-01
  -1.9793361e-01   8.6866021e-02
  -3.0186112e-01   1.0732898e-01
  -2.2020280e-01   5.0551125e-02
  -1.0918776e-01   3.7098330e-01
  -1.7027974e-01   1.1200084e-01
   1.1374774e-01   3.6507415e-01
  -2.4900054e-01  -9.6480986e-02
  -3.1328637e-01   1.5883406e-01
  -8.7148258e-02   2.8739155e-01
   1.3837515e-01   3.4584715e-01
  -4.6732234e-02   3.4021192e-01
  -2.1552182e-01   1.3176725e-01
  -2.7040500e-01   7.2120371e-02
  -2.7086919e-01  -9.8439619e-04
   8.8953630e-02   3.9487989e-01
   1.5028006e-01   9.4976578e-03
   6.1863688e-02   2.6723056e-01
  -9.0088173e-02   9.9860374e-02
  -1.0710100e-02   4.0579399e-01
   3.2899521e-01   2.9263257e-01
   1.4854832e-01   5.0495935e-01
  -1.5591580e-01   1.4187443e-01
   5.4225470e-02   3.8579601e-01
  -3.2649948e-01   2.1885315e-01
  -1.5253292e-01   4.9304530e-02
  -3.8956919e-02   1.4016944e-01
   1.1264971e-01   1.9201363e-01
   3.0004110e-01   2.3073221e-01
   3.2133355e-02   4.1115201e-01
  -1.7700524e-01  -1.3282667e-02
  -2.2159671e-01   9.6676192e-02
  -4.8016873e-02   2.6198018e-01
  -6.7196967e-02   4.1655454e-01
   8.6465774e-03   2.8223596e-01
  -2.7844962e-01   1.9095120e-01
   9.3528054e-02   3.0639868e-01
  -1.8835945e-01   1.2358485e-01
  -1.8143867e-01  -1.8510362e-01
  -2.3602896e-01   3.2885035e-01
  -3.4134192e-01   4.5723109e-02
  -6.5771950e-02   2.2350523e-01
  -2.0424739e-01   2.5553064e-01
  -2.0970308e-01   3.2227449e-02
   2.6808531e-01   1.6468301e-01
   1.5479212e-01   2.0507372e-01
   4.0370104e-02   3.0644244e-01
  -3.5444928e-01   1.0281078e-01
   1.3595478e-01   3.5366389e-01
  -2.7295971e-01   3.5093475e-03
   9.1222601e-02   3.3258360e-01
   2.2200377e-01   2.4362915e-01
  -1.9989269e-01   2.7592484e-02
  -9.8801897e-03  -3.3853355e-02
  -3.1581081e-01   1.5560490e-01
   7.3067410e-02   2.7134779e-01
  -2.5619368e-01  -3.1498820e-02
   1.1939107e-02   3.1459126e-01
   1.0398785e-01   5.0975144e-01
   2.7477130e-01   5.0345862e-01
  -9.5719350e-02   4.3224855e-02
  -4.4132828e-01   2.3451220e-01
   2.4096560e-02   2.2302301e-01
  -2.0856298e-01  -5.3031723e-02
   2.2144660e-01   3.1244788e-01
  -1.7196875e-02   3.2371921e-01
   2.2920338e-01   3.5719374e-01
   2.6046449e-01   3.9782583e-01
   5.0804839e-02   3.4492823e-01
   1.6363169e-01   1.0649741e-01
   8.2049170e-02   5.2955954e-01
  -1.5338729e-01   8.2123914e-02
  -2.8630362e-01   1.0069046e-01
   1.8280646e-01   2.7887871e-01
   1.8899208e-01   3.7474579e-01
  -1.0019433e-01   2.1780712e-01
   1.9729352e-01   4.3328835e-01
  -4.2652867e-01   1.2247978e-01
   1.3683805e-01   2.2306463e-01
  -2.8422417e-01   1.7163928e-01
   1.3493901e-01   2.5769033e-01
   7.6896722e-02   3.7238370e-01
   8.9214366e-02   4.4765977e-01
  -1.9818287e-01  -7.0657692e-02
  -1.9816737e-01   1.5139624e-01
  -3.1682271e-01   1.6114830e-01
   9.9805872e-02   2.8734430e-01
   1.8680491e-01   4.2602051e-01
  -4.5901344e-01   5.1532950e-02
  -3.4675522e-01   1.5679740e-01
   6.5467518e-02   5.6368231e-01
  -2.3000912e-01   3.7801312e-02
   8.4750227e-02   4.9712462e-01
   1.1761994e-01   1.9178837e-01
  -2.2892833e-01  -9.3030416e-02
   1.5223703e-01   3.1734434e-01
   2.3751536e-01   2.6826360e-01
  -2.4621694e-01  -1.1610270e-01
  -1.1468429e-01   1.8646009e-02
   1.0965347e-01   5.8705937e-01
   4.8368805e-02   3.1189595e-01
  -1.9034629e-01  -6.3645144e-02
  -5.7055144e-02   1.4180761e-01
   1.1280385e-01   1.8691331e-01
  -3.9615774e-01   1.1994171e-01
   5.7407435e-02   3.8139861e-01
  -1.6597774e-01   1.0800520e-01
  -1.5428070e-01   7.8760700e-02
   2.3399211e-01   4.5494367e-01
  -2.3424618e-01   6.4335121e-02
  -1.9920629e-01   1.1475310e-01
  -2.2117791e-01   1.9842895e-01
  -1.7765363e-01   8.2590163e-02
   9.8132073e-04   1.8154790e-01
  -1.6362633e-01   3.0635744e-01
  -2.7108603e-01  -3.1651830e-02
  -2.8384933e-01  -9.0786711e-02
  -3.1523343e-01   2.0246883e-01
  -2.9027378e-01   1.6564897e-01
   1.1520500e-01   3.1951703e-01
   7.6004100e-02   5.9138563e-02
  -2.1551609e-01  -6.2239704e-04
   2.4707253e-01   1.7555283e-01
  -3.1704591e-01   3.7496254e-02
   2.7069293e-02   2.9498569e-01
  -2.5357731e-02   9.3185068e-02
  -1.0310207e-01   2.0273019e-01
  -2.9938551e-01   6.3275049e-02
  -1.7131924e-01   1.1623824e-01
  -3.7458566e-01  -2.2014413e-02
  -6.1388017e-02   4.7698567e-01
  -1.6196795e-01  -6.9537878e-02
  -2.2485953e-01   2.5313557e-01
   7.7649538e-02   2.7963934e-01
  -1.5479379e-01   6.6205091e-02
  -2.4563484e-01   1.4799795e-01
   1.6504629e-01   2.3282036e-01
  -2.2902923e-01   1.0267613e-01
  -6.2441915e-02   4.7767157e-01
  -2.2521892e-01   1.2752251e-01
   1.7276031e-01   3.6169479e-01
  -2.0719002e-01   1.2856356e-02
   1.9721766e-01   3.9815319e-01
  -1.9317636e-01   1.3585698e-01
  -1.2797446e-01   8.9843958e-02
  -1.6822191e-01   2.3707092e-01
  -1.8400015e-01  -2.3007844e-02
  -2.6985526e-01   1.0774309e-01
  -1.9525513e-02   3.2593713e-02
  -3.2149065e-01   9.9494764e-02
   1.2348340e-01   8.5638406e-02
  -2.1041480e-01   4.5634260e-02
  -4.1258496e-02   3.5306521e-01
  -3.4050924e-02   1.0220481e-01
  -2.8064530e-01   4.7073653e-02
   8.5019781e-02   2.0631348e-01
   1.5803605e-01   4.7176162e-01
   3.3369593e-01   2.8856578e-01
  -2.6126288e-01  -1.9721028e-02
  -3.1014581e-01  -2.1501006e-02
  -2.4138800e-01  -6.2067515e-02
  -7.3959664e-03   2.8672017e-01
  -2.2307516e-01   1.3346725e-01
  -7.3204501e-02  -3.9516024e-02
  -2.2955119e-02   2.5658767e-01
   1.5920123e-04   1.8066776e-01
   1.4609284e-01   2.4611386e-01
  -2.7705354e-01   1.0828820e-01
  -1.4052333e-01   5.9842680e-02
  -2.3857224e-01   1.7584165e-01
   1.1079332e-01   3.6302700e-01
   1.1562884e-01   3.4910823e-01
   1.1173885e-01   2.5580622e-01
  -1.4119134e-01  -3.1744199e-02
   1.1659303e-01   3.3597298e-01
   6.1753888e-02   4.0525082e-01
   1.2756614e-01   4.0251681e-01
  -2.3967786e-01   1.4136369e-01
   3.7071544e-01   5.1417087e-01
   2.2651893e-01   2.3105730e-01
  -2.4572986e-01   1.1325578e-01
   1.5331716e-01   3.5295110e-01
   2.4771836e-02   1.9453828e-01
   3.0437961e-02   3.5706908e-01
  -1.5964990e-01  -5.9944648e-02
   3.4204069e-02   5.0766946e-01
  -2.8665215e-01   1.9810100e-03
   1.0044266e-01   3.1163829e-01
   2.0331069e-01   4.2533960e-01
   8.2398960e-02   3.0701662e-01
  -5.8738029e-03   1.6198190e-01
  -2.7350347e-02   1.7569548e-01
   4.2909747e-02   4.6794490e-01
   2.1754156e-02   4.0630265e-01
   2.5162072e-01   3.2097226e-01
   2.2640528e-01   2.4082680e-01
   1.2053169e-01   1.6906358e-01
  -3.2399372e-01   7.8506324e-02
  -1.1159583e-01   9.8836718e-03
  -1.4575837e-01   3.2838274e-01
  -2.2838883e-01  -1.4543966e-01
  -3.0160525e-01   8.7668362e-02
  -1.5544946e-01   8.7333826e-02
  -7.2908582e-02   1.5022179e-01
   1.2143192e-01   3.4491721e-01
  -3.5682598e-01   8.2483643e-03
   1.1474726e-01   1.4778198e-01
   1.7985360e-03   3.4719261e-01
   1.9680390e-01   2.9882764e-01
   5.2925072e-03   1.3874572e-01
   1.9292219e-01   4.8909893e-01
   2.9172991e-01   2.8507825e-01
  -4.8400879e-02   2.6922251e-01
  -1.3529654e-01   1.4725723e-01
   1.3308753e-01   3.9253263e-01
   1.7128760e-01   3.8602226e-01
  -2.7190399e-01   1.0005903e-01
  -3.8150476e-01   2.2293308e-02
  -7.0784497e-02   3.0735085e-01
   1.4939361e-01   4.5968165e-01
   1.1497835e-01   3.6474963e-01
  -2.7529786e-01  -1.4441927e-01
  -2.6759354e-01   7.0372249e-02
   1.6039371e-01   3.8791485e-01
   1.4054941e-01   1.3019844e-01
  -1.0207171e-01   1.5993436e-01
  -2.3976706e-01   8.8499932e-02
   9.2287161e-02   3.4688007e-01
  -2.3440965e-01   3.5248297e-01
  -7.2278523e-02   2.0710307e-01
  -4.3718913e-02   2.5156401e-01
   2.0063191e-02   4.6312209e-01
   3.5330571e-02   3.4927624e-01
   1.4838272e-01   3.7782681e-01
  -1.7111364e-01  -8.4078826e-02
   5.9703181e-02   4.0438922e-01
   3.6719756e-02   2.6323961e-01
  -2.0372964e-01   1.4784218e-01
  -1.1270440e-01   1.2506173e-01
  -1.1925503e-01   4.7751486e-02
  -2.1076442e-01   3.9265660e-02
  -1.7376765e-01  -5.7767904e-03
   1.3963434e-02   3.8968932e-01
   1.2747109e-01   3.2789249e-01
   1.4796142e-01   3.3056358e-01
   8.4336364e-02   3.8854006e-01
   2.0839429e-01   4.1882423e-01
   1.3414684e-01   2.9341534e-01
   1.5653898e-01   3.2504815e-01
  -7.0243631e-02   3.1783897e-02
  -8.1740659e-02   3.0702229e-01
  -1.6863234e-01  -1.2707391e-01
   7.2861943e-02   3.4516794e-01
   2.8782604e-01   4.6248357e-01
  -1.5859869e-01   3.4011864e-02
  -1.6614122e-02   3.3428542e-01
  -2.4765689e-01   1.5123742e-01
  -2.4098941e-01   1.0212031e-01
  -5.9121427e-02   1.4554466e-01
   1.5791586e-01   4.1031579e-01
  -2.0823176e-01   2.8872509e-01
   1.0747319e-01   4.9820162e-01
   1.4135992e-01   2.0263531e-01
  -3.4241141e-01   1.3868199e-01
   1.8986296e-01   2.7663163e-01
  -3.0577202e-01  -8.1012414e-02
  -2.9152638e-01  -3.6714988e-03
  -1.8961530e-01   1.6852842e-01
  -1.9221550e-01   6.7949615e-02
   1.9282522e-01   2.7819609e-01
   1.6380483e-01   3.3025041e-01
  -1.7410225e-01   1.6900015e-01
  -5.7677149e-02   1.8908298e-01
   1.6533896e-01   1.4162742e-01
   1.1187933e-01   1.2911467e-01
   1.2476980e-01   4.5594242e-01
  -5.8740000e-02   1.1200725e-01
  -2.4196046e-01   9.1769023e-03
   4.5136570e-02   3.0191756e-01
  -2.1395892e-01  -5.4786413e-02
  -3.1608659e-01   1.0399714e-01
  -2.1300614e-01   2.1232549e-02
  -4.8721921e-02   2.8228633e-01
  -2.6169391e-01   1.1730330e-01
  -6.2973849e-02   4.3973036e-01
   7.4602719e-02   4.6574288e-01
  -4.5755519e-01  -1.5090170e-02
  -8.9111921e-02   1.2218926e-01
  -1.6747434e-01   1.0778980e-01
   2.9697536e-01   2.9039263e-01
   4.6611698e-02   4.3380747e-01
  -4.6349192e-01   1.2869640e-01
  -3.0625662e-02   4.6613243e-01
   5.3017954e-02   2.6477137e-01
   1.6173144e-01   2.3724325e-01
  -5.1756704e-02   3.6907274e-01
  -6.1802136e-02   8.2318160e-02
   4.1357821e-02   3.3473860e-01
  -1.7489141e-01   3.4220951e-01
   1.1765639e-02   4.0737390e-01
   3.9464742e-02   2.1244262e-01
  -3.3108025e-01  -1.0257059e-01
  -2.7992786e-01   3.3184864e-02
  -2.4775852e-01   1.1325495e-01
  -1.6420619e-01  -8.3124397e-03
   1.7906847e-01   3.1542888e-01
   2.3884826e-01   1.9179455e-01
  -2.3500021e-01   1.4733643e-01
  -3.4730554e-02   3.2374621e-01
   5.6121193e-02   3.7103920e-01
  -3.3180320e-01   9.5516647e-02
  -1.7044183e-02   2.1641492e-01
  -2.1528922e-01   8.7301339e-02
   2.4880106e-01   3.8504412e-01
   2.8064293e-01   3.6963555e-01
   5.1577400e-02   1.0368166e-01
  -1.7256665e-01   4.5804250e-02
   2.1706890e-02   2.7762009e-01
   5.0288005e-02   3.3229711e-01
  -2.7832875e-01   6.4348473e-02
  -3.0502476e-01  -7.9705456e-02
  -3.3296787e-01  -8.7182022e-02
  -1.4826791e-01   1.7307237e-01
   1.1283242e-01   4.2723933e-01
  -1.3546105e-01   1.0141277e-01
  -2.8839552e-01   5.2916211e-02
   2.0287720e-01   2.4328478e-01
   5.4524123e-02   2.7880549e-01
  -2.6651552e-01   5.6021914e-03
  -2.9160385e-01   1.7049488e-01
  -2.1249715e-01  -7.7986567e-02
   1.6202014e-01   4.9456440e-01
   1.3050402e-01   3.1797574e-01
  -2.2754956e-01   1.1205859e-01
  -2.3279510e-01   1.7765579e-01
  -1.5423616e-01   1.7054141e-01
   8.9732862e-02   2.9076369e-01
  -3.5922277e-01  -9.3258693e-02
  -2.4449661e-01   1.0329415e-01
   1.4304863e-01   2.5869052e-01
  -2.1782259e-01   4.5288866e-03
  -2.9935939e-01  -6.0089532e-03
  -1.6420014e-01   9.4175886e-02
   1.1920011e-01   2.7760698e-01
   2.1591021e-01   2.0108891e-01
  -7.9582058e-02   1.3462105e-01
  -1.9831034e-01   1.3649181e-01
  -2.5695340e-01   1.7704231e-03
  -6.8994883e-02  -2.5883824e-02
  -1.7254644e-01   7.6630781e-02
  -3.3968483e-01  -1.5977610e-02
   1.3191041e-01   2.5404165e-01
  -2.9230475e-01   8.1395655e-02
   2.6229568e-01   3.5392189e-02
   6.1045842e-02   1.7437550e-01
  -1.2246247e-01   2.1768158e-01
   2.5401887e-03   3.4629086e-01
  -8.3768672e-02   9.9563136e-03
   4.4611690e-02   2.5083675e-01
   1.5495018e-01   2.5239112e-01
  -1.9536578e-01  -7.0541965e-02
  -3.2215958e-01   1.4598407e-01
  -3.2200776e-01  -5.0049903e-02
   3.8698431e-02   3.2096475e-01
  -3.7285012e-01   8.1323459e-02
  -3.8749729e-01   1.6192783e-01
   1.6981457e-01   3.8350995e-01
  -9.9751757e-02   1.6052968e-01
  -3.5303991e-01   1.5833386e-01
  -1.6398144e-01   8.3733679e-02
   2.2623376e-01   1.8925639e-01
  -3.7809045e-02   4.0828521e-01
  -2.7587782e-01   1.0869672e-01
   1.4401182e-01   2.0036071e-01
  -2.0940164e-01   1.6050646e-01
   3.5077630e-02   2.9445361e-01
   1.8493894e-02   3.7495948e-01
   1.2591196e-01   3.7903853e-01
   1.9753517e-01   5.0929913e-01
  -2.6402651e-01   9.2112625e-02
  -1.7827788e-01   1.1228335e-01
  -2.3570047e-01   7.7214893e-02
  -1.5906119e-01   1.3221754e-01
  -3.2355151e-01   1.4955268e-01
  -2.7394419e-01   1.6516700e-01
  -8.7451817e-02   3.8492470e-01
  -3.3373139e-01   3.3526351e-02
  -7.3848213e-02   7.8685466e-02
  -3.3743574e-01  -2.7935530e-02
   1.1427676e-01   4.5201379e-01
  -8.3017959e-02  -8.5342000e-02
  -2.8724051e-01   4.7966374e-02
   5.1215852e-02   3.2283328e-01
  -1.3153236e-01   1.3917302e-01
  -3.0491500e-01   1.4479756e-01
   2.5042259e-01   3.2312649e-01
   5.4189129e-02   3.0539419e-01
  -2.4871799e-01   1.6753535e-01
  -2.2314262e-01   1.0846038e-01
   2.6172198e-01   2.6034121e-01
   7.7754180e-02   4.2147968e-01
  -3.2187255e-01   3.9815108e-03
  -1.3174818e-01   7.2483481e-02
  -4.4603202e-02   3.8595214e-01
  -8.1762059e-02  -2.5909696e-02
  -1.8954194e-01   1.6063853e-01
   1.0788416e-01   3.4438195e-01
  -1.3857469e-01   7.9156881e-02
  -4.1280979e-01   1.5919689e-01
  -9.8578066e-02   4.1550322e-01
  -2.7970688e-01  -7.9540807e-02
  -2.6108476e-01   4.7904805e-02
   3.3976298e-03   5.0520120e-01
   7.6555184e-02   2.4386238e-01
   2.2764750e-01   2.4719459e-01
  -1.8352276e-01   1.7954054e-01
  -1.1686002e-01   3.5403453e-01
   4.1795147e-02   4.0370317e-01
   3.3368686e-02   2.9046794e-01
